Cidade,Tipo de Negócio
catete,academia
